# grcolor, gmag
2.080999999999999517e+00 3.054800000000000182e+01
2.039999999999999147e+00 2.982699999999999818e+01
1.823999999999999844e+00 2.836700000000000088e+01
1.621999999999999886e+00 2.732000000000000028e+01
1.394999999999999574e+00 2.642999999999999972e+01
1.205000000000000071e+00 2.566700000000000159e+01
1.057999999999999829e+00 2.500000000000000000e+01
9.339999999999992752e-01 2.438100000000000023e+01
8.220000000000000639e-01 2.380300000000000082e+01
6.879999999999997229e-01 2.320100000000000051e+01
5.350000000000001421e-01 2.229100000000000037e+01
4.120000000000008100e-01 2.149699999999999989e+01
3.170000000000001705e-01 2.080799999999999983e+01
2.290000000000000924e-01 2.019100000000000250e+01
1.579999999999994742e-01 1.981899999999999906e+01
5.299999999999993605e-02 1.928200000000000003e+01
-9.000000000000341061e-03 1.901399999999999935e+01
-4.300000000000014921e-02 1.887199999999999989e+01
-4.699999999999970868e-02 1.885500000000000043e+01
-1.169999999999999929e-01 1.850900000000000034e+01
-1.509999999999998010e-01 1.829800000000000182e+01
-1.750000000000002665e-01 1.811500000000000199e+01
-1.979999999999999538e-01 1.790299999999999869e+01
-2.019999999999999574e-01 1.786200000000000188e+01
-2.059999999999999609e-01 1.781200000000000117e+01
-2.170000000000000817e-01 1.767500000000000071e+01
-2.280000000000002025e-01 1.754599999999999937e+01
-2.330000000000000959e-01 1.745700000000000074e+01
-2.429999999999998828e-01 1.730300000000000082e+01
-2.620000000000000107e-01 1.696600000000000108e+01
-2.789999999999999147e-01 1.657300000000000040e+01
-2.850000000000001421e-01 1.643700000000000117e+01
-2.900000000000000355e-01 1.624899999999999878e+01
-2.970000000000000417e-01 1.599200000000000088e+01
-2.989999999999999325e-01 1.592999999999999972e+01
-3.030000000000000471e-01 1.574500000000000099e+01
-3.050000000000000488e-01 1.554700000000000060e+01
-3.069999999999999951e-01 1.539200000000000124e+01
-3.069999999999999951e-01 1.536200000000000010e+01
-3.079999999999999960e-01 1.518999999999999950e+01
-3.079999999999999960e-01 1.502899999999999991e+01
-3.070000000000000506e-01 1.487199999999999989e+01
-3.060000000000000497e-01 1.472100000000000009e+01
-3.049999999999999378e-01 1.471199999999999974e+01
-3.029999999999999361e-01 1.456900000000000084e+01
-3.020000000000000462e-01 1.450100000000000122e+01
-3.019999999999999352e-01 1.443900000000000006e+01
-3.019999999999999352e-01 1.441600000000000037e+01
-3.030000000000000471e-01 1.439400000000000013e+01
-3.070000000000000506e-01 1.440399999999999991e+01
-3.129999999999999449e-01 1.444200000000000017e+01
-3.180000000000000604e-01 1.446700000000000053e+01
-3.210000000000000631e-01 1.448000000000000043e+01
-3.210000000000000631e-01 1.448300000000000054e+01
-3.139999999999999458e-01 1.444899999999999984e+01
-3.069999999999999396e-01 1.428899999999999970e+01
-3.000000000000000444e-01 1.413199999999999967e+01
-2.920000000000000373e-01 1.398200000000000109e+01
-2.850000000000001421e-01 1.385999999999999943e+01
-2.760000000000000231e-01 1.372900000000000098e+01
-2.690000000000001279e-01 1.362400000000000055e+01
-2.609999999999998987e-01 1.350999999999999979e+01
-2.500000000000000000e-01 1.338300000000000090e+01
-2.420000000000002149e-01 1.329299999999999926e+01
-2.350000000000000977e-01 1.319599999999999973e+01
-2.259999999999999787e-01 1.310999999999999943e+01
-2.179999999999999716e-01 1.302599999999999980e+01
-2.099999999999999645e-01 1.294599999999999973e+01
-2.019999999999999574e-01 1.285800000000000054e+01
-1.939999999999999503e-01 1.277400000000000091e+01
-1.850000000000000533e-01 1.270100000000000051e+01
-1.749999999999998224e-01 1.261200000000000010e+01
-1.659999999999999254e-01 1.253600000000000136e+01
-1.520000000000001350e-01 1.245199999999999996e+01
-1.360000000000001208e-01 1.237700000000000067e+01
-1.089999999999999858e-01 1.231800000000000139e+01
-6.800000000000006040e-02 1.230000000000000071e+01
-1.299999999999990052e-02 1.233399999999999963e+01
3.400000000000025224e-02 1.237800000000000011e+01
1.040000000000000924e-01 1.239300000000000068e+01
1.810000000000000497e-01 1.240099999999999980e+01
2.219999999999999751e-01 1.241900000000000048e+01
2.930000000000001492e-01 1.246100000000000030e+01
3.570000000000002061e-01 1.251100000000000101e+01
4.050000000000002487e-01 1.254400000000000048e+01
4.089999999999998082e-01 1.255100000000000016e+01
3.569999999999997620e-01 1.246600000000000108e+01
3.220000000000000639e-01 1.241999999999999993e+01
2.860000000000000320e-01 1.237400000000000055e+01
2.259999999999999787e-01 1.230600000000000094e+01
1.699999999999999289e-01 1.224399999999999977e+01
1.179999999999998828e-01 1.219000000000000128e+01
7.299999999999995381e-02 1.214600000000000080e+01
2.899999999999991473e-02 1.210500000000000043e+01
-1.099999999999967670e-02 1.207200000000000095e+01
-5.499999999999971578e-02 1.204000000000000092e+01
-9.099999999999974776e-02 1.204000000000000092e+01
-1.200000000000001066e-01 1.206500000000000128e+01
-1.370000000000000107e-01 1.210100000000000087e+01
-1.510000000000002451e-01 1.215600000000000058e+01
-1.610000000000000320e-01 1.222000000000000064e+01
-1.709999999999998188e-01 1.228600000000000136e+01
-1.810000000000000497e-01 1.234700000000000131e+01
-1.899999999999999467e-01 1.240700000000000003e+01
-2.009999999999996234e-01 1.247100000000000009e+01
-2.099999999999999645e-01 1.252899999999999991e+01
-2.199999999999997513e-01 1.258800000000000097e+01
-2.280000000000002025e-01 1.263899999999999935e+01
-2.370000000000000995e-01 1.267900000000000027e+01
-2.400000000000002132e-01 1.267099999999999937e+01
-2.320000000000002061e-01 1.250600000000000023e+01
-2.200000000000001954e-01 1.236500000000000021e+01
-2.089999999999996305e-01 1.222900000000000098e+01
-1.960000000000001741e-01 1.212199999999999989e+01
-1.840000000000001634e-01 1.200500000000000078e+01
-1.719999999999997087e-01 1.189799999999999969e+01
-1.629999999999998117e-01 1.183099999999999952e+01
-1.510000000000002451e-01 1.176399999999999935e+01
-1.400000000000001243e-01 1.171499999999999986e+01
-1.230000000000002203e-01 1.167999999999999972e+01
-1.020000000000003126e-01 1.165900000000000070e+01
-7.100000000000017408e-02 1.166600000000000037e+01
-4.000000000000003553e-02 1.168599999999999994e+01
-4.999999999999893419e-03 1.170700000000000074e+01
3.100000000000013856e-02 1.172600000000000087e+01
8.599999999999985434e-02 1.174800000000000111e+01
1.229999999999997762e-01 1.175900000000000034e+01
1.890000000000000568e-01 1.176399999999999935e+01
2.219999999999999751e-01 1.175400000000000134e+01
2.570000000000001172e-01 1.173799999999999955e+01
3.100000000000000533e-01 1.176500000000000057e+01
3.339999999999996305e-01 1.180100000000000016e+01
4.310000000000000497e-01 1.194000000000000128e+01
6.250000000000000000e-01 1.224399999999999977e+01
6.520000000000001350e-01 1.231800000000000139e+01
6.909999999999998366e-01 1.233900000000000041e+01
7.630000000000003446e-01 1.199200000000000088e+01
7.949999999999999289e-01 1.183099999999999952e+01
8.189999999999995062e-01 1.170400000000000063e+01
8.469999999999999751e-01 1.158800000000000097e+01
8.740000000000001101e-01 1.146799999999999997e+01
9.009999999999998010e-01 1.135099999999999909e+01
9.260000000000001563e-01 1.124900000000000055e+01
9.590000000000005187e-01 1.116700000000000159e+01
9.939999999999997726e-01 1.107000000000000028e+01
1.011000000000000121e+00 1.094000000000000128e+01
1.032000000000000028e+00 1.080100000000000016e+01
1.060999999999999943e+00 1.070500000000000007e+01
1.088999999999999524e+00 1.065399999999999991e+01
9.969999999999998863e-01 1.086100000000000065e+01
1.001999999999999780e+00 1.085399999999999920e+01
1.037000000000000810e+00 1.077100000000000080e+01
1.070000000000000284e+00 1.067699999999999960e+01
1.081999999999999851e+00 1.069399999999999906e+01
1.197999999999999510e+00 1.054800000000000004e+01
1.309000000000000163e+00 1.049600000000000044e+01
1.616999999999999993e+00 1.076699999999999946e+01
1.619000000000000661e+00 1.067999999999999972e+01
1.621999999999999886e+00 1.062100000000000044e+01
1.628999999999999559e+00 1.060200000000000031e+01
1.653999999999999915e+00 1.066499999999999915e+01
