# grcolor, gmag
2.078000000000001180e+00 3.052400000000000091e+01
2.037000000000000810e+00 2.979700000000000060e+01
1.802000000000001378e+00 2.824200000000000088e+01
1.592000000000000526e+00 2.716600000000000037e+01
1.357999999999998764e+00 2.625000000000000000e+01
1.178000000000000824e+00 2.553699999999999903e+01
1.028000000000000469e+00 2.484199999999999875e+01
8.970000000000002416e-01 2.418100000000000094e+01
7.709999999999990195e-01 2.353300000000000125e+01
6.349999999999997868e-01 2.287100000000000222e+01
6.219999999999998863e-01 2.279299999999999926e+01
5.679999999999996163e-01 2.247100000000000009e+01
5.229999999999996874e-01 2.218400000000000105e+01
4.860000000000006537e-01 2.192500000000000071e+01
4.540000000000006253e-01 2.170400000000000063e+01
4.369999999999993889e-01 2.158800000000000097e+01
4.090000000000006963e-01 2.136400000000000077e+01
3.830000000000000071e-01 2.114499999999999957e+01
3.570000000000002061e-01 2.091700000000000159e+01
3.300000000000000711e-01 2.064499999999999957e+01
3.129999999999997229e-01 2.046799999999999997e+01
3.029999999999999361e-01 2.035000000000000142e+01
2.820000000000000284e-01 2.012100000000000222e+01
2.509999999999994458e-01 1.975300000000000011e+01
2.439999999999997726e-01 1.965299999999999869e+01
2.379999999999999893e-01 1.956000000000000227e+01
2.379999999999995453e-01 1.954500000000000171e+01
2.359999999999997655e-01 1.949200000000000088e+01
2.349999999999998757e-01 1.924399999999999977e+01
2.599999999999997868e-01 1.907900000000000063e+01
3.000000000000002665e-01 1.895100000000000051e+01
3.659999999999996589e-01 1.887300000000000111e+01
4.300000000000001599e-01 1.884700000000000131e+01
4.770000000000003126e-01 1.880199999999999960e+01
5.049999999999998934e-01 1.871600000000000108e+01
5.260000000000002451e-01 1.858399999999999963e+01
5.379999999999998117e-01 1.844900000000000162e+01
5.459999999999998188e-01 1.830499999999999972e+01
5.520000000000000462e-01 1.816100000000000136e+01
5.579999999999998295e-01 1.801300000000000168e+01
5.629999999999999449e-01 1.786500000000000199e+01
5.689999999999999503e-01 1.771099999999999852e+01
5.740000000000000657e-01 1.756000000000000227e+01
5.810000000000001830e-01 1.741100000000000136e+01
5.870000000000001883e-01 1.726800000000000068e+01
5.940000000000000835e-01 1.711899999999999977e+01
6.019999999999999796e-01 1.697500000000000142e+01
6.100000000000000977e-01 1.684100000000000108e+01
6.170000000000001039e-01 1.670599999999999952e+01
6.259999999999998899e-01 1.658399999999999963e+01
6.339999999999998970e-01 1.645299999999999940e+01
6.430000000000000160e-01 1.633200000000000074e+01
6.510000000000000231e-01 1.621100000000000207e+01
6.589999999999999192e-01 1.609700000000000131e+01
6.669999999999999263e-01 1.598200000000000109e+01
6.739999999999999325e-01 1.588199999999999967e+01
6.810000000000000497e-01 1.578599999999999959e+01
6.819999999999999396e-01 1.578200000000000003e+01
6.770000000000000462e-01 1.582099999999999973e+01
6.899999999999999467e-01 1.567300000000000004e+01
7.029999999999999583e-01 1.552599999999999980e+01
7.169999999999999707e-01 1.538499999999999979e+01
7.309999999999999831e-01 1.525300000000000011e+01
7.479999999999999982e-01 1.511100000000000065e+01
7.640000000000000124e-01 1.497799999999999976e+01
7.810000000000000275e-01 1.484699999999999953e+01
8.009999999999999343e-01 1.471700000000000053e+01
8.230000000000000648e-01 1.457600000000000051e+01
8.410000000000000808e-01 1.444899999999999984e+01
8.619999999999998774e-01 1.432399999999999984e+01
8.860000000000001208e-01 1.420299999999999940e+01
9.139999999999999236e-01 1.407600000000000051e+01
9.410000000000000586e-01 1.396199999999999974e+01
9.680000000000001936e-01 1.385299999999999976e+01
1.000000000000000000e+00 1.374200000000000088e+01
1.031000000000000139e+00 1.364100000000000001e+01
1.036000000000000032e+00 1.362500000000000000e+01
2.719999999999999085e-01 1.647500000000000142e+01
2.839999999999999192e-01 1.647500000000000142e+01
2.989999999999999325e-01 1.647500000000000142e+01
3.019999999999999352e-01 1.647100000000000009e+01
3.039999999999999369e-01 1.646699999999999875e+01
3.050000000000000488e-01 1.646399999999999864e+01
3.040000000000000480e-01 1.646199999999999974e+01
3.019999999999999352e-01 1.645500000000000185e+01
2.980000000000000426e-01 1.644800000000000040e+01
2.950000000000000400e-01 1.644200000000000017e+01
2.920000000000000373e-01 1.643599999999999994e+01
2.939999999999999281e-01 1.643700000000000117e+01
2.970000000000000417e-01 1.643400000000000105e+01
3.050000000000000488e-01 1.643400000000000105e+01
3.179999999999999494e-01 1.643499999999999872e+01
3.360000000000000764e-01 1.643799999999999883e+01
3.549999999999998712e-01 1.643900000000000006e+01
3.790000000000000036e-01 1.644000000000000128e+01
4.049999999999999156e-01 1.643700000000000117e+01
4.320000000000000506e-01 1.642200000000000060e+01
4.410000000000000586e-01 1.641199999999999903e+01
4.539999999999999591e-01 1.639600000000000080e+01
4.979999999999999982e-01 1.630000000000000071e+01
5.120000000000000107e-01 1.626000000000000156e+01
5.380000000000000338e-01 1.618799999999999883e+01
5.549999999999999378e-01 1.612399999999999878e+01
5.819999999999999618e-01 1.599000000000000021e+01
6.049999999999999822e-01 1.585299999999999976e+01
6.260000000000000009e-01 1.569899999999999984e+01
6.450000000000000178e-01 1.556200000000000117e+01
6.500000000000000222e-01 1.551999999999999957e+01
6.360000000000000098e-01 1.561599999999999966e+01
6.539999999999999147e-01 1.548700000000000010e+01
6.760000000000000453e-01 1.532399999999999984e+01
6.980000000000000648e-01 1.516200000000000081e+01
7.180000000000000826e-01 1.502800000000000047e+01
7.389999999999999902e-01 1.488499999999999979e+01
7.630000000000000115e-01 1.476800000000000068e+01
7.870000000000000329e-01 1.463300000000000090e+01
8.089999999999999414e-01 1.449500000000000099e+01
8.330000000000001847e-01 1.436700000000000088e+01
8.580000000000000959e-01 1.423000000000000043e+01
8.840000000000001190e-01 1.411500000000000021e+01
9.119999999999999218e-01 1.400400000000000134e+01
9.530000000000002913e-01 1.386700000000000088e+01
9.620000000000001883e-01 1.383099999999999952e+01
7.819999999999999174e-01 1.477800000000000047e+01
1.623999999999999888e+00 1.564000000000000057e+01
1.625000000000000000e+00 1.550100000000000122e+01
1.625000000000000000e+00 1.523700000000000010e+01
1.625000000000000000e+00 1.445899999999999963e+01
1.636999999999999789e+00 1.364799999999999969e+01
1.637999999999999901e+00 1.358600000000000030e+01
1.638000000000000123e+00 1.367999999999999972e+01
1.638000000000000123e+00 1.354700000000000060e+01
