# BVcolor, Vmag
2.081000000000001293e+00 3.054599999999999937e+01
2.038999999999999702e+00 2.982399999999999807e+01
1.821999999999999176e+00 2.835600000000000165e+01
1.618999999999999773e+00 2.730600000000000094e+01
1.391000000000000014e+00 2.640700000000000003e+01
1.202999999999999403e+00 2.565299999999999869e+01
1.054999999999999716e+00 2.498100000000000165e+01
9.300000000000014921e-01 2.435399999999999920e+01
8.160000000000007248e-01 2.376700000000000301e+01
6.819999999999994955e-01 2.315700000000000003e+01
5.270000000000001350e-01 2.222899999999999920e+01
4.059999999999996945e-01 2.143599999999999994e+01
4.020000000000001350e-01 2.141100000000000136e+01
3.949999999999995737e-01 2.135999999999999943e+01
3.049999999999997158e-01 2.069200000000000017e+01
2.779999999999995808e-01 2.050000000000000000e+01
2.110000000000002984e-01 2.003300000000000125e+01
1.829999999999998295e-01 1.988299999999999912e+01
1.060000000000003162e-01 1.948100000000000165e+01
4.299999999999970512e-02 1.916700000000000159e+01
1.500000000000012434e-02 1.903200000000000003e+01
1.399999999999979039e-02 1.902700000000000102e+01
-3.900000000000014566e-02 1.879599999999999937e+01
-7.200000000000006395e-02 1.863400000000000034e+01
-7.799999999999984723e-02 1.859700000000000131e+01
-8.400000000000007461e-02 1.856400000000000006e+01
-1.169999999999999929e-01 1.836400000000000077e+01
-1.380000000000003446e-01 1.821199999999999974e+01
-1.450000000000000178e-01 1.814999999999999858e+01
-1.520000000000001350e-01 1.809700000000000131e+01
-1.640000000000001457e-01 1.797299999999999898e+01
-1.730000000000000426e-01 1.786899999999999977e+01
-1.750000000000002665e-01 1.783299999999999841e+01
-1.780000000000003801e-01 1.778900000000000148e+01
-1.790000000000002700e-01 1.777700000000000102e+01
-1.829999999999998295e-01 1.766199999999999903e+01
-1.860000000000003872e-01 1.753900000000000148e+01
-1.859999999999999432e-01 1.743700000000000117e+01
-1.869999999999998330e-01 1.743200000000000216e+01
-1.860000000000001652e-01 1.730499999999999972e+01
-1.830000000000000515e-01 1.718100000000000094e+01
-1.800000000000001599e-01 1.706200000000000117e+01
-1.779999999999999361e-01 1.700499999999999901e+01
-1.779999999999999361e-01 1.695200000000000173e+01
-1.779999999999999361e-01 1.693599999999999994e+01
-1.799999999999999378e-01 1.690800000000000125e+01
-1.850000000000000533e-01 1.690599999999999881e+01
-1.930000000000000604e-01 1.691799999999999926e+01
-2.000000000000001776e-01 1.692099999999999937e+01
-2.059999999999999609e-01 1.690599999999999881e+01
-2.040000000000001812e-01 1.690500000000000114e+01
-1.950000000000000622e-01 1.681500000000000128e+01
-1.859999999999999432e-01 1.665399999999999991e+01
-1.750000000000000444e-01 1.652299999999999969e+01
-1.599999999999999201e-01 1.640800000000000125e+01
-1.419999999999999041e-01 1.631500000000000128e+01
-1.219999999999999973e-01 1.624800000000000111e+01
-9.399999999999997247e-02 1.618700000000000117e+01
-6.699999999999994849e-02 1.616100000000000136e+01
-2.600000000000002309e-02 1.615200000000000102e+01
2.800000000000002487e-02 1.616400000000000148e+01
1.000000000000000888e-01 1.621100000000000207e+01
1.800000000000000488e-01 1.628600000000000136e+01
2.240000000000000879e-01 1.633300000000000196e+01
3.130000000000000560e-01 1.644000000000000128e+01
3.809999999999998943e-01 1.654599999999999937e+01
4.340000000000000524e-01 1.665599999999999881e+01
4.899999999999999911e-01 1.678099999999999881e+01
5.229999999999999094e-01 1.668900000000000006e+01
5.370000000000000329e-01 1.658099999999999952e+01
5.470000000000000417e-01 1.645599999999999952e+01
5.560000000000000497e-01 1.633300000000000196e+01
5.630000000000000560e-01 1.621100000000000207e+01
5.689999999999999503e-01 1.609499999999999886e+01
5.759999999999999565e-01 1.597300000000000075e+01
5.820000000000000728e-01 1.586200000000000010e+01
5.889999999999999680e-01 1.575500000000000078e+01
5.949999999999999734e-01 1.566800000000000104e+01
6.009999999999999787e-01 1.559200000000000053e+01
6.069999999999999840e-01 1.552700000000000102e+01
6.109999999999999876e-01 1.545899999999999963e+01
6.169999999999999929e-01 1.539300000000000068e+01
6.200000000000001066e-01 1.533699999999999974e+01
6.250000000000000000e-01 1.528599999999999959e+01
6.280000000000000027e-01 1.523200000000000109e+01
6.290000000000000036e-01 1.523300000000000054e+01
6.280000000000000027e-01 1.523900000000000077e+01
6.499999999999999112e-01 1.497700000000000031e+01
1.900000000000000022e-01 1.586800000000000033e+01
2.229999999999999760e-01 1.589199999999999946e+01
2.179999999999999716e-01 1.587800000000000011e+01
2.469999999999999973e-01 1.589300000000000068e+01
2.369999999999999885e-01 1.583500000000000085e+01
1.940000000000000335e-01 1.573799999999999955e+01
1.700000000000000122e-01 1.566200000000000081e+01
1.690000000000000113e-01 1.565900000000000070e+01
1.469999999999999918e-01 1.552500000000000036e+01
1.110000000000000014e-01 1.535500000000000043e+01
8.599999999999999312e-02 1.524200000000000088e+01
5.899999999999999689e-02 1.510400000000000098e+01
8.299999999999996270e-02 1.500399999999999956e+01
1.230000000000000537e-01 1.499200000000000088e+01
1.630000000000000338e-01 1.500200000000000067e+01
2.119999999999999662e-01 1.502599999999999980e+01
2.560000000000000053e-01 1.505600000000000094e+01
3.109999999999999987e-01 1.508200000000000074e+01
3.649999999999999911e-01 1.512400000000000055e+01
3.970000000000000195e-01 1.515900000000000070e+01
4.329999999999999960e-01 1.520000000000000107e+01
4.799999999999999822e-01 1.526200000000000045e+01
5.299999999999999156e-01 1.535700000000000109e+01
5.450000000000000400e-01 1.538799999999999990e+01
5.779999999999999583e-01 1.524699999999999989e+01
5.939999999999999725e-01 1.512500000000000000e+01
6.129999999999999893e-01 1.497100000000000009e+01
6.269999999999998908e-01 1.483900000000000041e+01
6.450000000000000178e-01 1.467800000000000082e+01
6.640000000000000346e-01 1.450600000000000023e+01
6.830000000000000515e-01 1.433099999999999952e+01
7.040000000000001812e-01 1.414700000000000024e+01
7.250000000000000888e-01 1.399600000000000044e+01
7.450000000000001066e-01 1.385899999999999999e+01
7.650000000000001243e-01 1.373099999999999987e+01
7.880000000000000338e-01 1.357900000000000063e+01
8.100000000000000533e-01 1.344400000000000084e+01
8.319999999999998508e-01 1.332000000000000028e+01
8.540000000000000924e-01 1.319000000000000128e+01
8.799999999999998934e-01 1.307000000000000028e+01
9.210000000000002629e-01 1.291500000000000092e+01
9.519999999999999574e-01 1.280700000000000038e+01
9.329999999999998295e-01 1.286899999999999977e+01
9.689999999999998614e-01 1.283300000000000018e+01
1.631999999999999895e+00 1.342200000000000060e+01
1.630999999999999783e+00 1.324699999999999989e+01
1.684000000000000163e+00 1.341200000000000081e+01
1.735999999999999766e+00 1.362600000000000122e+01
1.774000000000000021e+00 1.380000000000000071e+01
1.810999999999999943e+00 1.394800000000000040e+01
1.845999999999999863e+00 1.407900000000000063e+01
1.882999999999999785e+00 1.421700000000000053e+01
1.922999999999999821e+00 1.435400000000000098e+01
1.988000000000000211e+00 1.455499999999999972e+01
2.165999999999999925e+00 1.498799999999999955e+01
1.724000000000000199e+00 1.350900000000000034e+01
